==============================================================================
LOTE FINALIZADO
Execuções armazenadas: 8000/8000
Erros registrados: 0
Tempo total: 188.3 min
Jobs simultâneos: 20
Vazão média: 42.5 execuções/min
JSON: resultados_lote\20260915_155509_R1C4_raio_percepcao_orca\raio_percepcao_orca.json
==============================================================================

Proximo passo:
  python R1C4_analisar_comunicacao_v2.py resultados_lote\20260915_155509_R1C4_raio_percepcao_orca\raio_percepcao_orca.json

Se as tres curvas do ORCA sairem sobrepostas em uma so, o patch
de `series` no analisador nao foi aplicado.
PS C:\Users\junio\Documents\GitHub\Sistema_anticolisao_drones> python .\R1C4_analisar_comunicacao_v3_variacoes_orca.py resultados_lote\20260915_155509_R1C4_raio_percepcao_orca\raio_percepcao_orca.json

======================================================================================================================================================
PERDA DE PACOTES - APF vs ORCA
Colisão: dmin < 1.0 m | Violação: dmin < 3.95 m | dmin méd, Along. e T miss. somente sobre execuções concluídas | * = menos de 30 concluídas
======================================================================================================================================================
 perda [%] | Método          |   n |  nC | Concl% |   IC Wilson | Colis% |  Viol% | Suces% | dmin méd |   IC95 |   pior | Along. |  T miss |   AoI |  Δdmin |     degr.
------------------------------------------------------------------------------------------------------------------------------------------------------
      0.00 | Proposed (APF)  | 100 | 100 |  100.0 | [  96, 100] |    0.0 |    0.0 |  100.0 |    5.013 |  0.060 |  4.182 |  1.441 |   150.7 |  0.00 |  0.000 |       não
      0.00 | ORCA (8.0 m)    | 100 | 100 |  100.0 | [  96, 100] |    0.0 |    0.0 |  100.0 |    4.000 |  0.000 |  4.000 |  1.088 |   259.0 |  0.00 |  0.000 |       não
      0.00 | ORCA (17.5 m)   | 100 | 100 |  100.0 | [  96, 100] |    0.0 |    0.0 |  100.0 |    4.000 |  0.000 |  4.000 |  1.052 |   236.5 |  0.00 |  0.000 |       não
      0.00 | ORCA (25.5 m)   | 100 | 100 |  100.0 | [  96, 100] |    0.0 |    0.0 |  100.0 |    4.000 |  0.000 |  4.000 |  1.033 |   151.9 |  0.00 |  0.000 |       não
     10.00 | Proposed (APF)  | 100 | 100 |  100.0 | [  96, 100] |    0.0 |    0.0 |  100.0 |    4.998 |  0.065 |  4.223 |  1.439 |   149.2 |  0.02 |  0.015 |       não
     10.00 | ORCA (8.0 m)    | 100 |  25 |   25.0 | [  18,  34] |    0.0 |    0.0 |   25.0 |    3.996*|  0.001 |  3.991 |  1.076 |   177.8 |  0.02 |  0.004 |    mínima
     10.00 | ORCA (17.5 m)   | 100 |  56 |   56.0 | [  46,  65] |    0.0 |    0.0 |   56.0 |    3.996 |  0.000 |  3.992 |  1.048 |   178.8 |  0.02 |  0.004 |    mínima
     10.00 | ORCA (25.5 m)   | 100 |  90 |   90.0 | [  83,  94] |    0.0 |    0.0 |   90.0 |    3.996 |  0.000 |  3.991 |  1.039 |   164.5 |  0.02 |  0.004 |    mínima
     20.00 | Proposed (APF)  | 100 | 100 |  100.0 | [  96, 100] |    0.0 |    0.0 |  100.0 |    4.962 |  0.066 |  4.136 |  1.451 |   152.4 |  0.04 |  0.050 |       não
     20.00 | ORCA (8.0 m)    | 100 |  24 |   24.0 | [  17,  33] |    0.0 |    0.0 |   24.0 |    3.996*|  0.001 |  3.991 |  1.079 |   214.0 |  0.04 |  0.004 |    mínima
     20.00 | ORCA (17.5 m)   | 100 |  46 |   46.0 | [  37,  56] |    0.0 |    0.0 |   46.0 |    3.995 |  0.001 |  3.989 |  1.046 |   144.4 |  0.04 |  0.005 |    mínima
     20.00 | ORCA (25.5 m)   | 100 |  90 |   90.0 | [  83,  94] |    0.0 |    0.0 |   90.0 |    3.996 |  0.000 |  3.990 |  1.038 |   159.7 |  0.04 |  0.004 |    mínima
     30.00 | Proposed (APF)  | 100 | 100 |  100.0 | [  96, 100] |    0.0 |    0.0 |  100.0 |    4.982 |  0.070 |  4.113 |  1.449 |   151.2 |  0.06 |  0.031 |       não
     30.00 | ORCA (8.0 m)    | 100 |  17 |   17.0 | [  11,  26] |    0.0 |    0.0 |   17.0 |    3.995*|  0.001 |  3.989 |  1.088 |   249.9 |  0.06 |  0.005 |    mínima
     30.00 | ORCA (17.5 m)   | 100 |  44 |   44.0 | [  35,  54] |    0.0 |    0.0 |   44.0 |    3.996 |  0.001 |  3.983 |  1.047 |   157.8 |  0.06 |  0.004 |    mínima
     30.00 | ORCA (25.5 m)   | 100 |  84 |   84.0 | [  76,  90] |    0.0 |    0.0 |   84.0 |    3.996 |  0.000 |  3.987 |  1.039 |   162.7 |  0.06 |  0.004 |    mínima
     40.00 | Proposed (APF)  | 100 | 100 |  100.0 | [  96, 100] |    0.0 |    0.0 |  100.0 |    4.917 |  0.066 |  4.122 |  1.450 |   152.8 |  0.10 |  0.096 |    mínima
     40.00 | ORCA (8.0 m)    | 100 |  26 |   26.0 | [  18,  35] |    0.0 |    0.0 |   26.0 |    3.995*|  0.001 |  3.987 |  1.088 |   246.2 |  0.10 |  0.005 |    mínima
     40.00 | ORCA (17.5 m)   | 100 |  49 |   49.0 | [  39,  59] |    0.0 |    0.0 |   49.0 |    3.995 |  0.001 |  3.986 |  1.048 |   156.0 |  0.10 |  0.005 |    mínima
     40.00 | ORCA (25.5 m)   | 100 |  83 |   83.0 | [  74,  89] |    0.0 |    0.0 |   83.0 |    3.996 |  0.001 |  3.981 |  1.040 |   169.3 |  0.10 |  0.004 |    mínima
     50.00 | Proposed (APF)  | 100 | 100 |  100.0 | [  96, 100] |    0.0 |    0.0 |  100.0 |    4.932 |  0.065 |  4.299 |  1.456 |   152.5 |  0.15 |  0.081 |       não
     50.00 | ORCA (8.0 m)    | 100 |  26 |   26.0 | [  18,  35] |    0.0 |    0.0 |   26.0 |    3.992*|  0.001 |  3.982 |  1.083 |   308.8 |  0.15 |  0.008 |    mínima
     50.00 | ORCA (17.5 m)   | 100 |  51 |   51.0 | [  41,  61] |    0.0 |    0.0 |   51.0 |    3.994 |  0.001 |  3.975 |  1.054 |   172.6 |  0.15 |  0.006 |    mínima
     50.00 | ORCA (25.5 m)   | 100 |  83 |   83.0 | [  74,  89] |    0.0 |    0.0 |   83.0 |    3.994 |  0.001 |  3.983 |  1.040 |   164.2 |  0.15 |  0.006 |    mínima
     60.00 | Proposed (APF)  | 100 | 100 |  100.0 | [  96, 100] |    0.0 |    1.0 |  100.0 |    4.860 |  0.063 |  3.946 |  1.475 |   156.3 |  0.22 |  0.153 | relevante
     60.00 | ORCA (8.0 m)    | 100 |  29 |   29.0 | [  21,  39] |    0.0 |    0.0 |   29.0 |    3.989*|  0.003 |  3.960 |  1.083 |   302.4 |  0.22 |  0.011 |    mínima
     60.00 | ORCA (17.5 m)   | 100 |  58 |   58.0 | [  48,  67] |    0.0 |    0.0 |   58.0 |    3.993 |  0.001 |  3.982 |  1.056 |   198.7 |  0.22 |  0.007 |    mínima
     60.00 | ORCA (25.5 m)   | 100 |  80 |   80.0 | [  71,  87] |    0.0 |    0.0 |   80.0 |    3.991 |  0.001 |  3.969 |  1.042 |   164.3 |  0.22 |  0.009 |    mínima
     70.00 | Proposed (APF)  | 100 | 100 |  100.0 | [  96, 100] |    0.0 |    0.0 |  100.0 |    4.857 |  0.059 |  4.195 |  1.506 |   159.5 |  0.35 |  0.156 | relevante
     70.00 | ORCA (8.0 m)    | 100 |  31 |   31.0 | [  23,  41] |    0.0 |    3.0 |   31.0 |    3.976 |  0.005 |  3.939 |  1.076 |   256.5 |  0.35 |  0.024 |    mínima
     70.00 | ORCA (17.5 m)   | 100 |  54 |   54.0 | [  44,  63] |    0.0 |    0.0 |   54.0 |    3.987 |  0.003 |  3.952 |  1.054 |   210.3 |  0.35 |  0.013 |    mínima
     70.00 | ORCA (25.5 m)   | 100 |  92 |   92.0 | [  85,  96] |    0.0 |    1.0 |   92.0 |    3.988 |  0.002 |  3.946 |  1.044 |   171.1 |  0.35 |  0.012 |    mínima
     80.00 | Proposed (APF)  | 100 | 100 |  100.0 | [  96, 100] |    0.0 |    0.0 |  100.0 |    4.761 |  0.067 |  4.028 |  1.578 |   168.8 |  0.60 |  0.252 | relevante
     80.00 | ORCA (8.0 m)    | 100 |  51 |   51.0 | [  41,  61] |    0.0 |   21.0 |   51.0 |    3.957 |  0.007 |  3.865 |  1.074 |   245.4 |  0.60 |  0.043 |    mínima
     80.00 | ORCA (17.5 m)   | 100 |  64 |   64.0 | [  54,  73] |    0.0 |    5.0 |   64.0 |    3.978 |  0.004 |  3.912 |  1.054 |   216.8 |  0.60 |  0.022 |    mínima
     80.00 | ORCA (25.5 m)   | 100 |  93 |   93.0 | [  86,  97] |    0.0 |    8.0 |   93.0 |    3.976 |  0.004 |  3.903 |  1.045 |   168.1 |  0.60 |  0.024 |    mínima
     90.00 | Proposed (APF)  | 100 | 100 |  100.0 | [  96, 100] |    0.0 |    3.0 |  100.0 |    4.597 |  0.073 |  3.205 |  1.663 |   180.8 |  1.34 |  0.416 | relevante
     90.00 | ORCA (8.0 m)    | 100 |  79 |   79.0 | [  70,  86] |    0.0 |   96.0 |   79.0 |    3.843 |  0.026 |  3.384 |  1.082 |   238.8 |  1.34 |  0.157 | relevante
     90.00 | ORCA (17.5 m)   | 100 |  85 |   85.0 | [  77,  91] |    0.0 |   49.0 |   85.0 |    3.910 |  0.020 |  3.475 |  1.060 |   208.7 |  1.34 |  0.090 |    mínima
     90.00 | ORCA (25.5 m)   | 100 |  98 |   98.0 | [  93,  99] |    0.0 |   57.0 |   98.0 |    3.915 |  0.016 |  3.601 |  1.050 |   167.7 |  1.34 |  0.085 |    mínima
     91.00 | Proposed (APF)  | 100 | 100 |  100.0 | [  96, 100] |    0.0 |    7.0 |  100.0 |    4.510 |  0.073 |  3.327 |  1.683 |   183.1 |  1.50 |  0.503 | relevante
     91.00 | ORCA (8.0 m)    | 100 |  78 |   78.0 | [  69,  85] |    0.0 |   96.0 |   78.0 |    3.824 |  0.022 |  3.403 |  1.081 |   231.7 |  1.51 |  0.176 | relevante
     91.00 | ORCA (17.5 m)   | 100 |  90 |   90.0 | [  83,  94] |    0.0 |   54.0 |   90.0 |    3.910 |  0.019 |  3.467 |  1.061 |   203.9 |  1.50 |  0.090 |    mínima
     91.00 | ORCA (25.5 m)   | 100 | 100 |  100.0 | [  96, 100] |    0.0 |   63.0 |  100.0 |    3.913 |  0.014 |  3.614 |  1.050 |   165.0 |  1.50 |  0.087 |    mínima
     92.00 | Proposed (APF)  | 100 | 100 |  100.0 | [  96, 100] |    0.0 |   11.0 |  100.0 |    4.428 |  0.069 |  3.408 |  1.747 |   193.1 |  1.71 |  0.584 | relevante
     92.00 | ORCA (8.0 m)    | 100 |  85 |   85.0 | [  77,  91] |    0.0 |   97.0 |   85.0 |    3.805 |  0.028 |  2.846 |  1.087 |   250.8 |  1.71 |  0.195 | relevante
     92.00 | ORCA (17.5 m)   | 100 |  96 |   96.0 | [  90,  98] |    0.0 |   73.0 |   96.0 |    3.895 |  0.018 |  3.413 |  1.062 |   205.2 |  1.71 |  0.105 | relevante
     92.00 | ORCA (25.5 m)   | 100 | 100 |  100.0 | [  96, 100] |    0.0 |   65.0 |  100.0 |    3.895 |  0.020 |  3.368 |  1.052 |   175.7 |  1.70 |  0.105 | relevante
     93.00 | Proposed (APF)  | 100 | 100 |  100.0 | [  96, 100] |    0.0 |   21.0 |  100.0 |    4.265 |  0.087 |  2.608 |  1.764 |   193.4 |  1.97 |  0.748 | relevante
     93.00 | ORCA (8.0 m)    | 100 |  86 |   86.0 | [  78,  91] |    0.0 |   99.0 |   86.0 |    3.656 |  0.081 |  1.361 |  1.091 |   240.8 |  1.97 |  0.344 | relevante
     93.00 | ORCA (17.5 m)   | 100 |  93 |   93.0 | [  86,  97] |    0.0 |   80.0 |   93.0 |    3.825 |  0.036 |  2.895 |  1.063 |   197.0 |  1.97 |  0.175 | relevante
     93.00 | ORCA (25.5 m)   | 100 |  99 |   99.0 | [  95, 100] |    0.0 |   89.0 |   99.0 |    3.841 |  0.026 |  3.263 |  1.056 |   175.4 |  1.97 |  0.159 | relevante
     94.00 | Proposed (APF)  | 100 | 100 |  100.0 | [  96, 100] |    0.0 |   30.0 |  100.0 |    4.170 |  0.103 |  2.162 |  1.837 |   203.4 |  2.32 |  0.843 | relevante
     94.00 | ORCA (8.0 m)    | 100 |  87 |   87.0 | [  79,  92] |    0.0 |  100.0 |   87.0 |    3.500 |  0.080 |  1.892 |  1.098 |   237.3 |  2.32 |  0.500 | relevante
     94.00 | ORCA (17.5 m)   | 100 |  94 |   94.0 | [  88,  97] |    0.0 |   83.0 |   94.0 |    3.780 |  0.051 |  2.618 |  1.066 |   193.9 |  2.32 |  0.220 | relevante
     94.00 | ORCA (25.5 m)   | 100 |  98 |   98.0 | [  93,  99] |    0.0 |   87.0 |   98.0 |    3.765 |  0.037 |  3.204 |  1.057 |   187.0 |  2.32 |  0.235 | relevante
     95.00 | Proposed (APF)  | 100 | 100 |  100.0 | [  96, 100] |    0.0 |   40.0 |  100.0 |    3.971 |  0.103 |  2.218 |  1.835 |   199.8 |  2.80 |  1.042 | relevante
     95.00 | ORCA (8.0 m)    | 100 |  86 |   86.0 | [  78,  91] |    0.0 |  100.0 |   86.0 |    3.303 |  0.107 |  1.601 |  1.106 |   238.3 |  2.82 |  0.697 | relevante
     95.00 | ORCA (17.5 m)   | 100 |  97 |   97.0 | [  92,  99] |    0.0 |   94.0 |   97.0 |    3.712 |  0.050 |  2.486 |  1.070 |   209.9 |  2.80 |  0.288 | relevante
     95.00 | ORCA (25.5 m)   | 100 |  96 |   96.0 | [  90,  98] |    0.0 |   93.0 |   96.0 |    3.654 |  0.055 |  2.511 |  1.061 |   173.2 |  2.80 |  0.346 | relevante
     96.00 | Proposed (APF)  | 100 |  99 |   99.0 | [  95, 100] |    4.0 |   74.0 |   95.0 |    3.396 |  0.160 |  0.781 |  1.950 |   217.6 |  3.53 |  1.617 | relevante
     96.00 | ORCA (8.0 m)    | 100 |  95 |   95.0 | [  89,  98] |    0.0 |  100.0 |   95.0 |    2.840 |  0.111 |  1.218 |  1.126 |   241.2 |  3.54 |  1.160 | relevante
     96.00 | ORCA (17.5 m)   | 100 |  97 |   97.0 | [  92,  99] |    0.0 |   99.0 |   97.0 |    3.507 |  0.096 |  1.086 |  1.078 |   201.5 |  3.52 |  0.493 | relevante
     96.00 | ORCA (25.5 m)   | 100 | 100 |  100.0 | [  96, 100] |    0.0 |  100.0 |  100.0 |    3.458 |  0.092 |  1.004 |  1.065 |   171.2 |  3.51 |  0.542 | relevante
     97.00 | Proposed (APF)  | 100 | 100 |  100.0 | [  96, 100] |    4.0 |   93.0 |   96.0 |    2.735 |  0.179 |  0.177 |  1.993 |   220.3 |  4.73 |  2.278 | relevante
     97.00 | ORCA (8.0 m)    | 100 |  94 |   94.0 | [  88,  97] |    3.0 |  100.0 |   91.0 |    2.287 |  0.140 |  0.503 |  1.150 |   223.4 |  4.73 |  1.713 | relevante
     97.00 | ORCA (17.5 m)   | 100 | 100 |  100.0 | [  96, 100] |    1.0 |  100.0 |   99.0 |    3.130 |  0.114 |  0.793 |  1.089 |   189.2 |  4.71 |  0.870 | relevante
     97.00 | ORCA (25.5 m)   | 100 |  98 |   98.0 | [  93,  99] |    1.0 |   98.0 |   97.0 |    3.274 |  0.117 |  0.299 |  1.072 |   173.7 |  4.70 |  0.726 | relevante
     98.00 | Proposed (APF)  | 100 | 100 |  100.0 | [  96, 100] |   17.0 |  100.0 |   83.0 |    1.929 |  0.188 |  0.199 |  2.041 |   231.7 |  7.07 |  3.084 | relevante
     98.00 | ORCA (8.0 m)    | 100 | 100 |  100.0 | [  96, 100] |   26.0 |  100.0 |   74.0 |    1.425 |  0.126 |  0.178 |  1.198 |   207.8 |  7.05 |  2.575 | relevante
     98.00 | ORCA (17.5 m)   | 100 |  99 |   99.0 | [  95, 100] |    3.0 |  100.0 |   96.0 |    2.445 |  0.147 |  0.124 |  1.116 |   183.6 |  7.02 |  1.555 | relevante
     98.00 | ORCA (25.5 m)   | 100 | 100 |  100.0 | [  96, 100] |    6.0 |  100.0 |   94.0 |    2.509 |  0.154 |  0.369 |  1.096 |   173.3 |  6.99 |  1.491 | relevante
     99.00 | Proposed (APF)  | 100 | 100 |  100.0 | [  96, 100] |   65.0 |  100.0 |   35.0 |    0.841 |  0.112 |  0.033 |  1.810 |   219.9 | 13.69 |  4.171 | relevante
     99.00 | ORCA (8.0 m)    | 100 | 100 |  100.0 | [  96, 100] |   82.0 |  100.0 |   18.0 |    0.620 |  0.074 |  0.018 |  1.222 |   178.8 | 13.37 |  3.380 | relevante
     99.00 | ORCA (17.5 m)   | 100 | 100 |  100.0 | [  96, 100] |   45.0 |  100.0 |   55.0 |    1.097 |  0.107 |  0.051 |  1.154 |   170.8 | 13.33 |  2.903 | relevante
     99.00 | ORCA (25.5 m)   | 100 | 100 |  100.0 | [  96, 100] |   29.0 |  100.0 |   71.0 |    1.381 |  0.120 |  0.248 |  1.131 |   169.7 | 13.31 |  2.619 | relevante
    100.00 | Proposed (APF)  | 100 | 100 |  100.0 | [  96, 100] |  100.0 |  100.0 |    0.0 |    0.000 |  0.000 |  0.000 |  1.000 |    90.9 |    -- |  5.013 | relevante
    100.00 | ORCA (8.0 m)    | 100 | 100 |  100.0 | [  96, 100] |  100.0 |  100.0 |    0.0 |    0.010 |  0.001 |  0.003 |  1.000 |    91.4 |    -- |  3.990 | relevante
    100.00 | ORCA (17.5 m)   | 100 | 100 |  100.0 | [  96, 100] |  100.0 |  100.0 |    0.0 |    0.010 |  0.001 |  0.003 |  1.000 |    91.4 |    -- |  3.990 | relevante
    100.00 | ORCA (25.5 m)   | 100 | 100 |  100.0 | [  96, 100] |  100.0 |  100.0 |    0.0 |    0.010 |  0.001 |  0.003 |  1.000 |    91.4 |    -- |  3.990 | relevante

LIMIARES CRÍTICOS (menor nível do fator em que o critério falha)
------------------------------------------------------------------------------
Método           |  1ª colisão |  Concl<95% | Sucesso<95% |   Viol>5%
Proposed (APF)   |       96.00 |      nunca |       98.00 |     91.00
ORCA (8.0 m)     |       97.00 |      10.00 |       10.00 |     80.00
ORCA (17.5 m)    |       97.00 |      10.00 |       10.00 |     90.00
ORCA (25.5 m)    |       97.00 |      10.00 |       10.00 |     80.00
(unidade: perda [%])

CSV:               resultados_lote\20260915_155509_R1C4_raio_percepcao_orca\analise_v2_packet_loss\20260915_155509_tabela_packet_loss.csv
Figura combinada:  resultados_lote\20260915_155509_R1C4_raio_percepcao_orca\analise_v2_packet_loss\20260915_155509_figura_packet_loss.png
Figuras individuais:
  - resultados_lote\20260915_155509_R1C4_raio_percepcao_orca\analise_v2_packet_loss\paineis\20260915_155509_figura_packet_loss_dmin_medio_todas.png
  - resultados_lote\20260915_155509_R1C4_raio_percepcao_orca\analise_v2_packet_loss\paineis\20260915_155509_figura_packet_loss_dmin_medio_concluidas.png
  - resultados_lote\20260915_155509_R1C4_raio_percepcao_orca\analise_v2_packet_loss\paineis\20260915_155509_figura_packet_loss_dmin_pior_todas.png
  - resultados_lote\20260915_155509_R1C4_raio_percepcao_orca\analise_v2_packet_loss\paineis\20260915_155509_figura_packet_loss_dmin_pior_concluidas.png
  - resultados_lote\20260915_155509_R1C4_raio_percepcao_orca\analise_v2_packet_loss\paineis\20260915_155509_figura_packet_loss_liveness_conclusao.png
  - resultados_lote\20260915_155509_R1C4_raio_percepcao_orca\analise_v2_packet_loss\paineis\20260915_155509_figura_packet_loss_sucesso_sem_colisao.png
  - resultados_lote\20260915_155509_R1C4_raio_percepcao_orca\analise_v2_packet_loss\paineis\20260915_155509_figura_packet_loss_tempo_missao.png
  - resultados_lote\20260915_155509_R1C4_raio_percepcao_orca\analise_v2_packet_loss\paineis\20260915_155509_figura_packet_loss_erro_lateral_medio.png
  - resultados_lote\20260915_155509_R1C4_raio_percepcao_orca\analise_v2_packet_loss\paineis\20260915_155509_figura_packet_loss_erro_lateral_maximo.png
  - resultados_lote\20260915_155509_R1C4_raio_percepcao_orca\analise_v2_packet_loss\paineis\20260915_155509_figura_packet_loss_rmse_lateral_medio.png
  - resultados_lote\20260915_155509_R1C4_raio_percepcao_orca\analise_v2_packet_loss\paineis\20260915_155509_figura_packet_loss_rmse_lateral_maximo.png
  - resultados_lote\20260915_155509_R1C4_raio_percepcao_orca\analise_v2_packet_loss\paineis\20260915_155509_figura_packet_loss_desvio_maximo_rota.png
  - resultados_lote\20260915_155509_R1C4_raio_percepcao_orca\analise_v2_packet_loss\paineis\20260915_155509_figura_packet_loss_alongamento_medio.png
  - resultados_lote\20260915_155509_R1C4_raio_percepcao_orca\analise_v2_packet_loss\paineis\20260915_155509_figura_packet_loss_alongamento_maximo.png
  - resultados_lote\20260915_155509_R1C4_raio_percepcao_orca\analise_v2_packet_loss\paineis\20260915_155509_figura_packet_loss_tradeoff_seguranca_eficiencia.png
PS C:\Users\junio\Documents\GitHub\Sistema_anticolisao_drones>